0
0
0
0
0
0
0
0
11.0142
30.8611
72.1791
45.129
45.8366
52.3967
58.6659
39.7473
54.0747
49.3705
48.8277
44.9945
61.5412
46.4812
50.3008
59.0797
50.3781
47.7281
40.7944
44.1951
47.5162
51.2076
50.0433
48.9214
49.3474
52.118
51.1462
51.4625
47.188
49.2319
49.9289
54.3182
48.758
43.8952
41.8539
30.4894
34.9614
30.5587
23.738
25.2179
21.3131
23.7084
18.5663
16.352
13.8584
10.8429
9.91286
6.58786
5.23495
3.61032
2.79036
2.69735
1.41316
1.26238
0.814873
0.986763
0.382561
0.185484
0.089974
1.04793
0
0
0.0800538
0
0
0
0
0
0
0
0
0
0
