0.847224
0.90832
0.911472
0.937978
0.948068
0.949978
0.955194
0.971588
0.975271
0.979693
0.98107
0.993894
0.995854
0.996083
1.00465
1.01044
1.01053
1.01112
1.01756
1.02146
1.02195
1.02586
1.03055
1.03595
1.03801
1.03854
1.0578
1.05972
1.06198
1.06493
1.06683
1.06732
1.07626
1.08289
1.08553
1.10277
1.10286
1.10455
1.10908
1.10911
1.11809
1.12042
1.13121
1.13444
1.14018
1.14022
1.14525
1.15555
1.15983
1.17482
1.18232
1.18529
1.19856
1.19996
1.20049
1.20493
1.21927
1.22384
1.22405
1.23576
1.23901
1.24153
1.26103
1.26323
1.26707
1.26783
1.26935
1.28464
1.28537
1.29048
1.29246
1.29365
1.29418
1.29612
1.3002
1.30041
1.30698
1.30806
1.31334
1.31605
1.31711
1.31801
1.31936
1.33105
1.33738
1.33738
1.34284
1.34973
1.35531
1.36174
1.36231
1.36486
1.36678
1.3684
1.37541
1.37728
1.37882
1.38036
1.38073
1.38534
1.38585
1.39119
1.39673
1.40048
1.41124
1.41405
1.41678
1.41791
1.4186
1.42045
1.42542
1.4412
1.44691
1.44982
1.45077
1.46208
1.46962
1.47182
1.47281
1.47422
1.4744
1.47927
1.4793
1.48001
1.48236
1.49369
1.50258
1.50281
1.50591
1.50637
1.50973
1.51495
1.51949
1.52133
1.52275
1.52348
1.53147
1.53441
1.53705
1.53749
1.54293
1.55017
1.5557
1.55638
1.55723
1.56486
1.56979
1.56983
1.57091
1.57117
1.57145
1.57305
1.57403
1.57714
1.58154
1.58648
1.58943
1.59046
1.59183
1.59462
1.60696
1.60721
1.61311
1.6217
1.6226
1.62395
1.6276
1.62795
1.62827
1.62848
1.63028
1.63199
1.63383
1.63439
1.63491
1.63984
1.64528
1.64683
1.65128
1.65163
1.65503
1.66084
1.66132
1.66786
1.66917
1.67264
1.67541
1.67671
1.67761
1.68188
1.68244
1.68389
1.68615
1.68678
1.68875
1.6901
1.69224
1.69566
1.69641
1.69652
1.69855
1.70187
1.70545
1.70601
1.70664
1.70869
1.70872
1.71387
1.72046
1.72233
1.72233
1.7228
1.72735
1.72875
1.73239
1.73319
1.74429
1.7464
1.74696
1.74885
1.75001
1.75015
1.76094
1.76485
1.76628
1.76912
1.77533
1.77615
1.78292
1.7859
1.7914
1.7936
1.7957
1.79703
1.79717
1.7987
1.79995
1.80108
1.80326
1.80428
1.8081
1.80874
1.81221
1.81298
1.81313
1.81541
1.81989
1.82173
1.83281
1.83332
1.8348
1.8389
1.84004
1.84099
1.84195
1.84322
1.84474
1.84934
1.86058
1.86378
1.86712
1.86839
1.86984
1.87088
1.87103
1.87195
1.87493
1.87508
1.87688
1.87704
1.88857
1.88915
1.8908
1.89393
1.89411
1.89536
1.89984
1.90165
1.90173
1.90371
1.90569
1.90788
1.91775
1.91887
1.92207
1.92252
1.92331
1.9247
1.92476
1.92551
1.92562
1.92918
1.92931
1.93149
1.93882
1.93963
1.94177
1.94218
1.94356
1.94407
1.94799
1.95191
1.95315
1.95789
1.95835
1.95944
1.96068
1.96215
1.96225
1.96354
1.96358
1.96655
1.96812
1.96836
1.97049
1.97073
1.97516
1.97591
1.9765
1.97662
1.97926
1.97949
1.98484
1.98532
1.98561
1.98604
1.98796
1.99966
2.00042
2.00143
2.0055
2.0092
2.00984
2.01504
2.01638
2.01778
2.02058
2.02194
2.02261
2.02271
2.02805
2.02856
2.02945
2.03135
2.03197
2.04184
2.04294
2.04491
2.04518
2.04563
2.04654
2.04658
2.0476
2.04839
2.05088
2.0534
2.05358
2.0546
2.05805
2.05873
2.0591
2.06075
2.06163
2.06275
2.06461
2.06512
2.06523
2.06569
2.06623
2.07231
2.07264
2.07294
2.07498
2.07853
2.08044
2.08529
2.08571
2.08903
2.09261
2.09436
2.09487
2.10037
2.10194
2.10235
2.1029
2.10509
2.10555
2.10583
2.10601
2.10763
2.10997
2.11232
2.11424
2.11446
2.11453
2.11675
2.11819
2.12006
2.12034
2.123
2.1248
2.12801
2.13167
2.13218
2.13282
2.13411
2.1392
2.13951
2.14047
2.14601
2.14748
2.14784
2.1503
2.15078
2.15169
2.15185
2.15239
2.1528
2.15714
2.16036
2.16192
2.16263
2.16487
2.17634
2.17769
2.18038
2.18048
2.18077
2.18237
2.1827
2.18316
2.18427
2.18455
2.18648
2.18859
2.1894
2.18963
2.19048
2.19139
2.19254
2.19356
2.19588
2.19624
2.19683
2.19844
2.20909
2.21252
2.21266
2.21323
2.21335
2.21415
2.21492
2.21777
2.21818
2.2269
2.22713
2.22909
2.22951
2.23151
2.23217
2.23349
2.23385
2.23614
2.23803
2.23996
2.24178
2.24411
2.24535
2.24559
2.24704
2.24938
2.24967
2.24976
2.25355
2.25405
2.25544
2.25547
2.25641
2.26031
2.26106
2.26262
2.26378
2.26477
2.27006
2.27062
2.27379
2.27398
2.27588
2.27801
2.28594
2.28868
2.28915
2.2893
2.28992
2.29096
2.29136
2.29547
2.2968
2.298
2.29823
2.30142
2.30297
2.30338
2.3061
2.30769
2.30839
2.30845
2.30855
2.31043
2.31046
2.3108
2.31228
2.31598
2.31744
2.3175
2.31979
2.3201
2.32186
2.32313
2.32379
2.32946
2.33015
2.33052
2.33146
2.33553
2.3365
2.3385
2.34059
2.34098
2.34213
2.34764
2.3484
2.35108
2.35117
2.3521
2.35446
2.35748
2.35754
2.35779
2.35992
2.35999
2.36052
2.36158
2.36227
2.36278
2.36298
2.36399
2.36539
2.36649
2.36703
2.36716
2.36952
2.37087
2.37618
2.37756
2.37777
2.37867
2.38027
2.38045
2.38198
2.38304
2.38322
2.38344
2.38354
2.38544
2.38674
2.38844
2.38869
2.38893
2.39192
2.39583
2.39685
2.39827
2.40049
2.40094
2.40176
2.40215
2.40233
2.40438
2.40648
2.41153
2.41589
2.41787
2.4183
2.41866
2.41938
2.4194
2.42619
2.43009
2.43017
2.43371
2.43426
2.43546
2.43604
2.43705
2.43766
2.43822
2.4391
2.44144
2.44308
2.44459
2.44492
2.45004
2.45297
2.45754
2.45985
2.46092
2.46569
2.46736
2.47012
2.47016
2.47102
2.47253
2.47286
2.47315
2.47367
2.4751
2.4754
2.47578
2.47714
2.4778
2.48046
2.48323
2.48353
2.48567
2.48769
2.48773
2.48829
2.48954
2.48958
2.49441
2.49498
2.4964
2.49648
2.49733
2.49761
2.49813
2.4998
2.50094
2.50109
2.50375
2.50466
2.50516
2.50839
2.50891
2.51282
2.51625
2.51665
2.51934
2.51952
2.52211
2.52264
2.52342
2.5236
2.5266
2.52762
2.5299
2.53025
2.53172
2.53684
2.53834
2.54172
2.54208
2.54225
2.54456
2.54472
2.54896
2.54904
2.55032
2.55078
2.55122
2.55316
2.55585
2.5563
2.56085
2.56138
2.56223
2.56356
2.56374
2.56521
2.56559
2.56581
2.56957
2.56975
2.57061
2.5727
2.57288
2.57392
2.57775
2.57859
2.57956
2.57974
2.57998
2.5803
2.58122
2.58292
2.58298
2.58514
2.58861
2.58903
2.5893
2.58944
2.58951
2.59126
2.59158
2.59183
2.59207
2.59218
2.59245
2.59619
2.59669
2.59671
2.59703
2.59752
2.59754
2.59778
2.59902
2.59958
2.60156
2.60232
2.60235
2.60237
2.60387
2.60835
2.60855
2.6103
2.6122
2.61276
2.6152
2.61761
2.61773
2.618
2.61845
2.61981
2.62049
2.62198
2.6225
2.62536
2.62899
2.63127
2.63378
2.63449
2.63584
2.63598
2.63655
2.63724
2.63748
2.64097
2.64406
2.64636
2.64849
2.64877
2.65173
2.65381
2.65564
2.65577
2.6562
2.65648
2.65739
2.65805
2.65828
2.65873
2.65878
2.66055
2.66098
2.6616
2.66309
2.66356
2.66386
2.66387
2.66587
2.66631
2.66856
2.66998
2.67321
2.67441
2.67513
2.67554
2.6766
2.67662
2.67978
2.68135
2.68268
2.68297
2.68512
2.6886
2.6889
2.69006
2.69117
2.69196
2.6921
2.69258
2.69396
2.69532
2.69555
2.69556
2.69557
2.69718
2.69923
2.70142
2.70226
2.70282
2.70418
2.70469
2.70511
2.70512
2.70612
2.70686
2.70837
2.70858
2.71005
2.71434
2.71512
2.71606
2.71617
2.7163
2.71665
2.71768
2.72002
2.72199
2.72254
2.72336
2.72375
2.72473
2.72562
2.7257
2.72599
2.7267
2.72835
2.72941
2.73159
2.7331
2.73481
2.73637
2.73758
2.73894
2.74075
2.74089
2.74465
2.74539
2.74621
2.74672
2.74772
2.74892
2.74919
2.74928
2.74934
2.74969
2.7502
2.75074
2.75391
2.75447
2.75479
2.7549
2.75558
2.75738
2.75755
2.75859
2.75873
2.75919
2.76077
2.76115
2.76143
2.76227
2.76434
2.76459
2.76514
2.76539
2.76675
2.76725
2.7683
2.77174
2.7742
2.77456
2.77477
2.77651
2.77766
2.77906
2.77958
2.78004
2.78035
2.78093
2.78143
2.78154
2.78166
2.78232
2.78368
2.78393
2.78429
2.78519
2.7869
2.78774
2.78807
2.78906
2.79016
2.7902
2.79027
2.79147
2.79175
2.79175
2.79236
2.79267
2.79402
2.79433
2.79546
2.79575
2.79923
2.80062
2.80157
2.80286
2.80434
2.80522
2.80542
2.80601
2.80733
2.80737
2.80793
2.80794
2.80838
2.80941
2.81039
2.81121
2.81323
2.81377
2.81444
2.81504
2.81558
2.81588
2.81603
2.81613
2.81667
2.81739
2.81758
2.81776
2.81937
2.81938
2.82003
2.82094
2.82116
2.8229
2.8234
2.82344
2.82441
2.82481
2.82662
2.82769
2.8289
2.83039
2.8321
2.83232
2.83241
2.83285
2.83306
2.83338
2.83396
2.83554
2.83588
2.83663
2.8373
2.83777
2.83791
2.83928
2.83963
2.84003
2.841
2.84131
2.84156
2.84158
2.84192
2.84194
2.84249
2.84328
2.84345
2.84469
2.84499
2.84502
2.84524
2.84724
2.84872
2.84901
2.84956
2.84974
2.85013
2.8506
2.85079
2.85188
2.85244
2.85381
2.85388
2.85416
2.85736
2.85923
2.85941
2.85951
2.85965
2.85988
2.86005
2.8626
2.8646
2.86832
2.8693
2.87127
2.8735
2.87418
2.87453
2.87465
2.87576
2.87714
2.87719
2.8772
2.87942
2.87987
2.87995
2.88018
2.88087
2.88213
2.88234
2.88278
2.88308
2.8836
2.88376
2.88421
2.8843
2.88439
2.88583
2.8859
2.88598
2.88642
2.88718
2.88751
2.88759
2.89068
2.89069
2.89171
2.89257
2.89396
2.89445
2.89495
2.89498
2.89503
2.89965
2.90065
2.90105
2.9032
2.90341
2.90357
2.90517
2.90757
2.90759
2.90796
2.9084
2.90931
2.91025
2.91119
2.91154
2.91194
2.91227
2.91318
2.91456
2.91546
2.91623
2.91708
2.91874
2.92011
2.92044
2.92245
2.92331
2.92349
2.92352
2.92462
2.92521
2.92541
2.92594
2.92841
2.93089
2.93326
2.93327
2.93466
2.93504
2.93589
2.93771
2.93794
2.93804
2.94095
2.9412
2.94221
2.94229
2.94272
2.94334
2.94357
2.9452
2.94585
2.94723
2.94826
2.9492
2.94977
2.95032
2.95137
2.95386
2.95577
2.95594
2.956
2.96097
2.96171
2.96178
2.9622
2.96238
2.96252
2.96285
2.96367
2.96616
2.967
2.96904
2.96964
2.97116
2.97121
2.97197
2.97217
2.97217
2.97235
2.97358
2.9737
2.97409
2.97618
2.97709
2.97985
2.98184
2.98257
2.98338
2.98453
2.9846
2.98825
2.9883
2.98886
2.98918
2.98923
2.9902
2.99115
2.99245
2.9929
2.9935
2.99404
2.99423
2.99482
2.99555
2.99683
2.99746
2.99783
2.99961
3.00194
3.00283
3.00431
3.00672
3.00755
3.00769
3.01002
3.01128
3.01293
3.01357
3.01554
3.0165
3.01971
3.02107
3.02188
3.0225
3.02326
3.02363
3.02364
3.02462
3.02529
3.027
3.02797
3.02837
3.03009
3.03052
3.03063
3.03118
3.0317
3.03326
3.03389
3.0352
3.03797
3.03892
3.03957
3.04046
3.04115
3.04187
3.04203
3.04258
3.04308
3.04517
3.04527
3.04722
3.04737
3.04992
3.0525
3.05269
3.05501
3.05613
3.05779
3.05846
3.0604
3.06073
3.06079
3.06101
3.0623
3.06462
3.06462
3.06509
3.06516
3.06744
3.06852
3.06859
3.06905
3.06911
3.06914
3.06961
3.07
3.07105
3.07317
3.07507
3.0752
3.07672
3.07685
3.07733
3.07853
3.08219
3.0828
3.08406
3.08491
3.08647
3.08735
3.08772
3.08777
3.08828
3.08882
3.08896
3.08897
3.09048
3.09246
3.09331
3.0943
3.09638
3.09689
3.09722
3.09879
3.10029
3.10109
3.10426
3.10463
3.10463
3.10563
3.10598
3.10766
3.10805
3.10838
3.10842
3.10857
3.10883
3.10964
3.11011
3.11049
3.11127
3.11142
3.11353
3.11387
3.11516
3.11765
3.11877
3.11904
3.12005
3.12102
3.12201
3.12382
3.12408
3.12411
3.12471
3.12727
3.1275
3.12898
3.12904
3.12926
3.12931
3.13008
3.13145
3.13174
3.13317
3.137
3.13727
3.13772
3.1378
3.13789
3.13869
3.13903
3.13959
3.1397
3.14376
3.14389
3.145
3.14549
3.14576
3.14663
3.14745
3.14986
3.15205
3.15209
3.15268
3.15325
3.15461
3.15513
3.15717
3.15721
3.15814
3.15825
3.159
3.16005
3.16025
3.16048
3.16058
3.16058
3.16157
3.16174
3.16233
3.16315
3.16641
3.16654
3.16707
3.16775
3.16848
3.16867
3.16895
3.17017
3.17052
3.1708
3.17104
3.17186
3.17226
3.17248
3.17278
3.17327
3.17371
3.17534
3.17568
3.17581
3.1767
3.17684
3.17846
3.17933
3.1797
3.17972
3.17988
3.18005
3.18008
3.18092
3.18169
3.1817
3.18347
3.18403
3.18526
3.18676
3.18693
3.18694
3.18711
3.18765
3.18832
3.18894
3.18894
3.19141
3.19157
3.19242
3.19368
3.19445
3.19615
3.19634
3.19946
3.20509
3.20647
3.20745
3.20768
3.20769
3.20791
3.20802
3.20994
3.21051
3.21063
3.21195
3.21348
3.21498
3.21778
3.21807
3.21848
3.21962
3.2198
3.22155
3.22373
3.22401
3.22478
3.22501
3.22799
3.2283
3.22877
3.22998
3.23071
3.23109
3.23159
3.23362
3.23366
3.23494
3.23606
3.23714
3.23775
3.23812
3.23897
3.24005
3.24075
3.24099
3.24296
3.24541
3.24755
3.2478
3.24998
3.25027
3.25031
3.25039
3.25041
3.25089
3.25206
3.25213
3.25295
3.25349
3.25356
3.25489
3.25617
3.25726
3.25741
3.25895
3.25916
3.25933
3.25996
3.26016
3.26087
3.26094
3.26167
3.26241
3.26279
3.26372
3.26432
3.26455
3.26597
3.26723
3.2677
3.26771
3.26861
3.26965
3.27007
3.27082
3.27098
3.27189
3.27224
3.27326
3.27356
3.27548
3.27701
3.2778
3.27866
3.27892
3.27933
3.27982
3.28004
3.28098
3.28286
3.28374
3.28402
3.28484
3.28601
3.28616
3.28732
3.28756
3.28876
3.28889
3.28925
3.28982
3.29146
3.29562
3.29582
3.2961
3.29699
3.29759
3.29811
3.29841
3.29854
3.29861
3.29872
3.29896
3.30231
3.30336
3.30491
3.30499
3.30779
3.30872
3.31058
3.31077
3.31154
3.31332
3.31463
3.31711
3.31713
3.31804
3.3198
3.32104
3.32174
3.32203
3.32252
3.32289
3.32302
3.32324
3.32432
3.32432
3.32481
3.32493
3.32541
3.3257
3.3257
3.32571
3.32682
3.32893
3.32968
3.3314
3.33155
3.33262
3.33325
3.33449
3.33656
3.33708
3.33812
3.34035
3.34075
3.34114
3.342
3.34255
3.34382
3.34665
3.34757
3.34759
3.34797
3.35002
3.35006
3.35153
3.352
3.35474
3.35594
3.35646
3.35666
3.35691
3.35716
3.35737
3.35773
3.35776
3.36025
3.36123
3.36196
3.3623
3.36673
3.36743
3.36747
3.36929
3.3698
3.3716
3.37207
3.37238
3.37245
3.37257
3.37347
3.37398
3.37399
3.37418
3.37469
3.37615
3.37673
3.37713
3.37843
3.37857
3.37866
3.37888
3.37925
3.38017
3.38019
3.38036
3.38148
3.38284
3.3829
3.38333
3.38503
3.38635
3.38645
3.38721
3.3884
3.38865
3.38885
3.38924
3.38924
3.38963
3.39134
3.39507
3.39741
3.39966
3.39986
3.40002
3.40251
3.40277
3.40304
3.40326
3.40343
3.40381
3.40407
3.40496
3.40548
3.40625
3.4071
3.40765
3.40808
3.40875
3.40887
3.40895
3.41029
3.41037
3.41125
3.41133
3.41167
3.41347
3.41478
3.415
3.4155
3.41587
3.41884
3.41963
3.42013
3.42039
3.42068
3.42083
3.42171
3.42266
3.42397
3.42726
3.42817
3.42968
3.43006
3.4306
3.43101
3.43185
3.43217
3.43486
3.43507
3.43517
3.43525
3.437
3.43893
3.43929
3.44004
3.44034
3.4406
3.44113
3.44252
3.44319
3.44356
3.444
3.44521
3.44611
3.44799
3.44804
3.44814
3.44879
3.44882
3.44884
3.44938
3.45001
3.45348
3.45414
3.45555
3.45651
3.45652
3.45681
3.45691
3.45713
3.4577
3.45838
3.45867
3.45926
3.45965
3.45985
3.46009
3.46014
3.46056
3.46087
3.46123
3.46147
3.46217
3.46305
3.46349
3.46467
3.46501
3.46507
3.46548
3.46555
3.46566
3.4658
3.46635
3.46743
3.46779
3.46795
3.46878
3.46911
3.47075
3.47085
3.47319
3.47459
3.47516
3.47549
3.47593
3.47634
3.47639
3.47733
3.47787
3.47853
3.4795
3.47953
3.47985
3.47992
3.48031
3.4814
3.4824
3.4829
3.4838
3.48407
3.4842
3.48464
3.48591
3.48627
3.48751
3.48783
3.4888
3.48917
3.48918
3.48971
3.48997
3.49009
3.49058
3.49127
3.49321
3.49337
3.49434
3.49446
3.49523
3.49707
3.49734
3.49744
3.49748
3.49782
3.49901
3.49947
3.4997
3.49977
3.49997
3.50087
3.5022
3.50239
3.50247
3.50286
3.50338
3.50342
3.50407
3.50452
3.50596
3.50609
3.50743
3.50933
3.50952
3.50966
3.5103
3.51167
3.51196
3.51206
3.51365
3.51478
3.5154
3.51814
3.51832
3.51863
3.52047
3.5208
3.52167
3.52243
3.52257
3.52371
3.52417
3.52476
3.52498
3.52629
3.52646
3.52719
3.52726
3.5294
3.53094
3.53154
3.5321
3.53341
3.53455
3.53465
3.53572
3.53652
3.53667
3.53692
3.53825
3.53894
3.53951
3.5399
3.54047
3.54088
3.54132
3.54181
3.54204
3.54281
3.54407
3.54497
3.54502
3.54509
3.54515
3.54537
3.54576
3.5458
3.54597
3.54623
3.54756
3.54858
3.54889
3.54973
3.5501
3.55028
3.5506
3.55118
3.55266
3.55289
3.55304
3.5542
3.55463
3.5563
3.55634
3.55672
3.55687
3.557
3.55715
3.55775
3.55872
3.55893
3.5597
3.56059
3.56081
3.56218
3.56277
3.56464
3.56523
3.56529
3.56574
3.56587
3.56612
3.5662
3.56659
3.56671
3.56753
3.56933
3.57061
3.57167
3.5717
3.57268
3.5733
3.57414
3.57744
3.57884
3.57947
3.57984
3.57993
3.58057
3.58084
3.58204
3.58242
3.5832
3.58375
3.58424
3.58459
3.58521
3.58572
3.58575
3.58687
3.58711
3.58808
3.58829
3.58856
3.58964
3.59169
3.59233
3.59366
3.59368
3.5937
3.59371
3.59376
3.59489
3.59529
3.59571
3.59593
3.59607
3.59669
3.59692
3.60019
3.60023
3.6004
3.60173
3.60243
3.60266
3.60331
3.60352
3.60353
3.60426
3.60447
3.60447
3.60559
3.60626
3.60688
3.607
3.60768
3.60836
3.60883
3.60909
3.60911
3.60914
3.60965
3.61004
3.61005
3.61018
3.61122
3.61147
3.61276
3.61286
3.61299
3.61438
3.61555
3.61604
3.61802
3.61842
3.61842
3.61894
3.61974
3.61976
3.6203
3.62069
3.62129
3.62278
3.62323
3.62528
3.62578
3.62652
3.62693
3.6272
3.62744
3.62768
3.62883
3.62886
3.62929
3.62983
3.62996
3.62997
3.63007
3.63047
3.63155
3.63169
3.63207
3.63243
3.63275
3.63342
3.63384
3.63434
3.6344
3.63444
3.63446
3.63532
3.63621
3.63791
3.63791
3.63792
3.63818
3.6397
3.64061
3.64062
3.64149
3.64192
3.64198
3.64215
3.64231
3.64267
3.64406
3.64433
3.64524
3.6454
3.64555
3.64586
3.64659
3.64659
3.64706
3.64737
3.64741
3.64839
3.64931
3.64938
3.64966
3.6497
3.64975
3.65065
3.65157
3.65167
3.65169
3.65225
3.65234
3.65247
3.65257
3.6528
3.65364
3.65408
3.65433
3.65461
3.65517
3.65568
3.65627
3.65659
3.65677
3.65721
3.65734
3.65758
3.65783
3.65794
3.65826
3.65879
3.65919
3.65939
3.66006
3.66148
3.66171
3.66215
3.66338
3.66351
3.66403
3.66457
3.66595
3.66629
3.66651
3.66684
3.66692
3.6673
3.66819
3.66867
3.66898
3.66907
3.66962
3.66969
3.67085
3.67186
3.6719
3.67195
3.6725
3.67253
3.67264
3.67389
3.67426
3.67469
3.67484
3.67518
3.67731
3.67919
3.6794
3.68107
3.68175
3.68257
3.68304
3.68349
3.6837
3.68449
3.68679
3.68697
3.68814
3.68927
3.68985
3.69041
3.69057
3.69157
3.69242
3.69362
3.69374
3.69398
3.69432
3.69509
3.69525
3.69568
3.69577
3.69581
3.69607
3.69644
3.69698
3.69798
3.69825
3.6986
3.69872
3.69926
3.69934
3.69976
3.69978
3.7006
3.70126
3.70158
3.70187
3.7019
3.70242
3.70259
3.70275
3.70296
3.703
3.70302
3.70423
3.70429
3.70532
3.70543
3.70613
3.70669
3.70918
3.7098
3.70981
3.71005
3.71123
3.71127
3.71184
3.71256
3.71299
3.71383
3.71421
3.7154
3.71558
3.71566
3.71569
3.71593
3.71619
3.7163
3.71775
3.71787
3.71845
3.71977
3.72053
3.72083
3.72146
3.72146
3.72239
3.72246
3.72435
3.72468
3.7256
3.72717
3.72744
3.72806
3.72855
3.72883
3.72903
3.72924
3.72973
3.72974
3.73056
3.73104
3.7313
3.73176
3.73191
3.73207
3.73222
3.73371
3.73466
3.73492
3.73495
3.7353
3.73582
3.73605
3.73631
3.73665
3.73757
3.73889
3.73976
3.73979
3.74047
3.74053
3.74071
3.7443
3.74486
3.74568
3.74666
3.74704
3.74721
3.7487
3.74958
3.75025
3.75194
3.75221
3.75302
3.75437
3.75442
3.75548
3.75756
3.75832
3.75864
3.75867
3.75906
3.76002
3.76127
3.76172
3.76173
3.76196
3.76216
3.76294
3.76406
3.76411
3.76433
3.76521
3.76631
3.76764
3.76802
3.76855
3.76902
3.77002
3.77119
3.77135
3.77198
3.77335
3.77381
3.7741
3.77521
3.7755
3.77738
3.77746
3.77781
3.778
3.77851
3.77869
3.77869
3.77896
3.77952
3.78004
3.78004
3.78158
3.78224
3.78314
3.78419
3.78472
3.7849
3.78501
3.78504
3.78506
3.78545
3.78572
3.78672
3.78715
3.78756
3.7877
3.78783
3.78836
3.78975
3.79029
3.7903
3.79166
3.79269
3.79347
3.794
3.79408
3.79433
3.79622
3.79625
3.79721
3.7973
3.79737
3.79746
3.79753
3.79829
3.79935
3.79997
3.80025
3.80043
3.8007
3.8012
3.80167
3.80182
3.80232
3.80268
3.80376
3.80405
3.80406
3.80406
3.80463
3.80474
3.80562
3.80602
3.80685
3.80709
3.80712
3.80749
3.80802
3.80837
3.80857
3.81047
3.81056
3.81143
3.81153
3.81286
3.81293
3.8132
3.81329
3.8139
3.81408
3.81477
3.81494
3.81571
3.81582
3.81647
3.81655
3.81666
3.81673
3.81786
3.81799
3.81831
3.81836
3.81887
3.81921
3.82035
3.82071
3.82137
3.82161
3.82369
3.82379
3.82384
3.82463
3.82465
3.82492
3.82508
3.82529
3.82599
3.82626
3.82744
3.82875
3.82944
3.83223
3.83233
3.8336
3.83388
3.8343
3.83438
3.83524
3.83537
3.83537
3.83573
3.83601
3.83686
3.83763
3.83778
3.83781
3.83831
3.83835
3.83892
3.839
3.83918
3.83998
3.8407
3.84092
3.84258
3.84291
3.84317
3.84332
3.84379
3.84411
3.84416
3.84481
3.84483
3.84627
3.84633
3.84669
3.84706
3.8475
3.84768
3.84816
3.84817
3.84837
3.84846
3.84936
3.85076
3.85086
3.8511
3.85255
3.85329
3.85402
3.85426
3.85447
3.85513
3.85637
3.85637
3.8564
3.85658
3.85778
3.85879
3.86006
3.86123
3.86161
3.86179
3.86185
3.86194
3.86243
3.86243
3.86253
3.86267
3.86291
3.86358
3.86409
3.86436
3.86446
3.86493
3.86531
3.86544
3.86547
3.86751
3.86784
3.86839
3.86841
3.86873
3.87122
3.87159
3.87162
3.87169
3.87197
3.8723
3.87268
3.87277
3.87345
3.87487
3.87521
3.87603
3.87614
3.87614
3.87704
3.87714
3.878
3.87814
3.87897
3.88148
3.88352
3.88387
3.88421
3.88428
3.88453
3.88532
3.88656
3.8888
3.89013
3.89037
3.89103
3.89119
3.89208
3.89345
3.89481
3.89489
3.89559
3.89598
3.89627
3.89695
3.89827
3.90031
3.90146
3.90171
3.90338
3.9039
3.90457
3.90489
3.90593
3.90717
3.9073
3.90871
3.90919
3.90998
3.91083
3.91147
3.912
3.912
3.91246
3.91281
3.91336
3.91395
3.91402
3.91432
3.91528
3.91705
3.91767
3.91796
3.918
3.91889
3.91972
3.92154
3.92157
3.92245
3.92445
3.92459
3.92466
3.92565
3.92572
3.92575
3.92683
3.92684
3.92692
3.92829
3.92861
3.92996
3.93055
3.9313
3.9321
3.93233
3.93303
3.93343
3.93354
3.9345
3.93483
3.93488
3.93515
3.93536
3.93557
3.9369
3.93746
3.93828
3.9389
3.93922
3.93998
3.94059
3.94101
3.94177
3.94249
3.94258
3.94264
3.94335
3.94345
3.94379
3.94394
3.94401
3.94474
3.94491
3.94492
3.94492
3.94536
3.94554
3.94582
3.94628
3.94678
3.94714
3.94765
3.94778
3.94872
3.94895
3.94929
3.94995
3.95081
3.95131
3.95207
3.95244
3.95316
3.95335
3.95341
3.95403
3.95471
3.95486
3.95503
3.95528
3.95568
3.9557
3.95601
3.95706
3.95765
3.95772
3.95781
3.95798
3.95877
3.95909
3.95949
3.95958
3.95968
3.95969
3.95998
3.96051
3.96163
3.96187
3.96223
3.96247
3.96446
3.96468
3.9654
3.9656
3.96629
3.96641
3.96679
3.9669
3.96698
3.96746
3.96784
3.96805
3.96904
3.96938
3.97001
3.97146
3.97163
3.97169
3.97207
3.97234
3.97332
3.9735
3.97376
3.97391
3.97468
3.97493
3.97494
3.97496
3.97603
3.97627
3.97662
3.97694
3.97704
3.97709
3.97748
3.97769
3.97933
3.97982
3.98056
3.98078
3.98101
3.98131
3.98189
3.98201
3.98266
3.98267
3.98281
3.98319
3.98374
3.98395
3.98441
3.98515
3.98525
3.98528
3.98646
3.98697
3.98724
3.98788
3.98803
3.98811
3.98896
3.98906
3.98914
3.98961
3.99001
3.99052
3.99068
3.99095
3.99128
3.99133
3.99142
3.99211
3.99249
3.99278
3.99289
3.99374
3.99456
3.99494
3.9951
3.99618
3.99657
3.9974
3.99758
3.99789
3.99821
3.99896
3.9997
3.9998
4.00136
4.00253
4.00274
4.00434
4.00465
4.00483
4.00519
4.00656
4.00686
4.00726
4.00762
4.00782
4.00791
4.00827
4.00899
4.00917
4.01012
4.01082
4.01136
4.01162
4.01164
4.01397
4.01449
4.0146
4.01591
4.01691
4.01737
4.01766
4.01793
4.01889
4.01909
4.0204
4.02046
4.0205
4.02076
4.02137
4.02139
4.02183
4.02248
4.02351
4.02357
4.02397
4.02411
4.02436
4.02448
4.02496
4.02723
4.02746
4.02801
4.02807
4.02813
4.02821
4.02989
4.03032
4.03059
4.03138
4.03165
4.03177
4.03213
4.03246
4.03264
4.03383
4.03415
4.0343
4.03446
4.03476
4.03503
4.0356
4.03591
4.03599
4.03618
4.03633
4.03643
4.03658
4.03951
4.03962
4.03981
4.04067
4.04115
4.04212
4.04244
4.04296
4.04354
4.04395
4.04565
4.04583
4.04619
4.04763
4.04894
4.04894
4.04913
4.04933
4.05059
4.05119
4.05172
4.05181
4.05244
4.05269
4.05283
4.05296
4.05315
4.05336
4.05365
4.05387
4.05406
4.05475
4.05543
4.05662
4.05679
4.05712
4.05789
4.05792
4.05814
4.05856
4.05887
4.06003
4.06028
4.06035
4.06042
4.06118
4.06165
4.06175
4.06195
4.06208
4.0637
4.06391
4.06444
4.06463
4.06628
4.06678
4.06695
4.06695
4.06702
4.06757
4.06801
4.06822
4.06904
4.07091
4.07159
4.07162
4.07172
4.07173
4.072
4.07284
4.0741
4.07424
4.07451
4.07476
4.07649
4.07655
4.07835
4.07844
4.07872
4.08186
4.082
4.08293
4.08298
4.0837
4.08374
4.08413
4.08458
4.08537
4.08558
4.08561
4.08592
4.08624
4.08628
4.08646
4.0893
4.08947
4.0895
4.08977
4.08979
4.09095
4.09139
4.09154
4.09172
4.09178
4.09194
4.092
4.09279
4.09326
4.09637
4.09647
4.09702
4.09747
4.09753
4.09783
4.09798
4.09837
4.09838
4.0984
4.09844
4.09866
4.0994
4.09956
4.09981
4.09984
4.1
4.10087
4.10097
4.10138
4.10172
4.10224
4.10302
4.10332
4.10367
4.10425
4.10444
4.10447
4.10483
4.10614
4.10669
4.1072
4.10951
4.11047
4.1105
4.11058
4.11082
4.11092
4.11231
4.1128
4.11293
4.11324
4.11342
4.11408
4.11457
4.1149
4.11515
4.11547
4.11598
4.1169
4.11703
4.11813
4.11815
4.11867
4.11896
4.11962
4.12056
4.12099
4.12171
4.12202
4.1222
4.12319
4.12337
4.12382
4.124
4.12419
4.12436
4.12465
4.12504
4.12573
4.12609
4.12642
4.12725
4.12727
4.12929
4.12942
4.12964
4.13049
4.13211
4.13225
4.13235
4.13236
4.13372
4.13501
4.13541
4.13546
4.13551
4.13582
4.13603
4.13658
4.13756
4.13843
4.13873
4.13921
4.13931
4.13938
4.13992
4.14012
4.1403
4.14119
4.14182
4.14198
4.14308
4.14325
4.14359
4.14361
4.14382
4.14405
4.145
4.14529
4.14551
4.14578
4.14592
4.14703
4.14783
4.14808
4.14814
4.14822
4.14872
4.14936
4.14956
4.14968
4.15014
4.15034
4.15081
4.15098
4.15099
4.15101
4.15101
4.15266
4.15358
4.15699
4.15742
4.15749
4.15779
4.15824
4.15843
4.15875
4.15879
4.16002
4.16007
4.16011
4.16017
4.16065
4.16078
4.16103
4.16165
4.16221
4.16264
4.16282
4.163
4.164
4.1642
4.16489
4.16518
4.16536
4.16628
4.16668
4.16875
4.16958
4.17243
4.17349
4.17351
4.17373
4.17409
4.1744
4.17464
4.17523
4.17543
4.17554
4.17559
4.17636
4.17733
4.1777
4.17866
4.17893
4.17938
4.17966
4.17986
4.18079
4.18101
4.18109
4.18132
4.18184
4.18188
4.18222
4.18224
4.18414
4.18596
4.18597
4.18597
4.18629
4.18752
4.18783
4.18798
4.18821
4.18883
4.18954
4.19039
4.19054
4.19227
4.19247
4.19274
4.19305
4.19436
4.19482
4.19506
4.19723
4.1981
4.19926
4.1995
4.19971
4.19992
4.20007
4.20037
4.20053
4.20135
4.20154
4.20229
4.20307
4.20335
4.2039
4.20404
4.20426
4.2051
4.20587
4.20684
4.20728
4.20799
4.20815
4.20984
4.21052
4.21053
4.21087
4.21154
4.21178
4.21208
4.21402
4.21451
4.21498
4.21548
4.21561
4.21617
4.21627
4.21726
4.21903
4.21908
4.21963
4.21981
4.22053
4.22143
4.22174
4.22196
4.22197
4.22268
4.2235
4.22363
4.22376
4.22474
4.22552
4.22658
4.22662
4.22678
4.22744
4.22788
4.22797
4.22816
4.22837
4.22877
4.22913
4.22924
4.2293
4.22942
4.23051
4.23079
4.23085
4.23089
4.23102
4.23106
4.2317
4.23173
4.23327
4.23336
4.2339
4.23425
4.23616
4.23691
4.23773
4.23791
4.23795
4.23909
4.23995
4.24196
4.24334
4.24372
4.24487
4.24546
4.24938
4.24962
4.2497
4.25025
4.25072
4.25092
4.25113
4.25172
4.25185
4.25309
4.25453
4.25553
4.25786
4.25787
4.25891
4.25998
4.26016
4.26064
4.26113
4.26181
4.26205
4.26474
4.26597
4.26604
4.26626
4.2674
4.26856
4.26858
4.26938
4.26975
4.27018
4.27224
4.27227
4.27473
4.27509
4.27552
4.27687
4.27709
4.27756
4.27795
4.27807
4.27923
4.27966
4.28002
4.28004
4.28061
4.28106
4.28118
4.28265
4.28275
4.28344
4.28457
4.2856
4.28728
4.28839
4.28869
4.28899
4.28986
4.29137
4.29237
4.29277
4.29561
4.29575
4.29634
4.29793
4.2989
4.29937
4.29975
4.30011
4.3026
4.3028
4.30314
4.30319
4.3036
4.30366
4.30495
4.30516
4.30538
4.30661
4.30677
4.30694
4.30857
4.30933
4.31028
4.31244
4.31343
4.31383
4.31528
4.31548
4.31557
4.3158
4.31636
4.31644
4.3168
4.31864
4.31926
4.32192
4.32252
4.3232
4.32336
4.32435
4.32447
4.32529
4.32574
4.32575
4.32599
4.3271
4.32733
4.32768
4.32801
4.32856
4.32895
4.32942
4.32947
4.32972
4.33089
4.33259
4.33286
4.33378
4.33409
4.33426
4.33443
4.33451
4.33489
4.33493
4.33609
4.33628
4.33708
4.33768
4.33774
4.33844
4.33874
4.33939
4.33971
4.34071
4.34075
4.34119
4.34145
4.3427
4.34314
4.34316
4.34333
4.34335
4.3434
4.34445
4.34564
4.34591
4.34597
4.34636
4.34663
4.34693
4.34714
4.34806
4.34825
4.34885
4.34901
4.34939
4.35156
4.35202
4.35312
4.35497
4.35535
4.35686
4.35686
4.35714
4.3572
4.35746
4.35747
4.35821
4.35923
4.3593
4.35944
4.36005
4.36033
4.36094
4.36229
4.36302
4.36412
4.36413
4.36436
4.36445
4.36536
4.36543
4.36605
4.36623
4.36625
4.36657
4.36674
4.36698
4.36807
4.36867
4.36878
4.36949
4.36955
4.36986
4.37058
4.37068
4.37094
4.37098
4.37117
4.37222
4.37222
4.37234
4.37274
4.37278
4.37304
4.37354
4.37566
4.37585
4.37587
4.3764
4.37684
4.37755
4.37862
4.38033
4.3812
4.38185
4.3819
4.38285
4.38336
4.38422
4.38475
4.38693
4.38748
4.38777
4.38794
4.38795
4.38909
4.3891
4.39317
4.394
4.39411
4.39417
4.39494
4.39497
4.39534
4.39554
4.39639
4.39721
4.39823
4.39856
4.39915
4.3996
4.39974
4.40017
4.40039
4.40266
4.40445
4.40462
4.40536
4.40561
4.40723
4.40774
4.40857
4.4091
4.40998
4.41162
4.41387
4.4146
4.41506
4.41529
4.41573
4.41641
4.4165
4.41658
4.41705
4.41733
4.4178
4.41842
4.41867
4.41877
4.41886
4.42033
4.42047
4.42247
4.42349
4.42363
4.42375
4.42402
4.42486
4.42489
4.42492
4.42502
4.42596
4.42599
4.42616
4.42644
4.42651
4.42654
4.42865
4.42889
4.42923
4.43178
4.43239
4.43241
4.43273
4.43277
4.43395
4.43454
4.43521
4.43578
4.43663
4.4387
4.43891
4.43949
4.43989
4.44065
4.44096
4.44138
4.44145
4.44147
4.44215
4.44218
4.44278
4.44383
4.44485
4.44532
4.44541
4.44557
4.44648
4.44665
4.44726
4.44741
4.44776
4.44788
4.44793
4.44831
4.44947
4.44973
4.45028
4.45097
4.4517
4.45178
4.45211
4.45257
4.453
4.45384
4.45417
4.45459
4.45509
4.45522
4.45656
4.45703
4.45766
4.45788
4.45801
4.45807
4.45886
4.45973
4.46028
4.46144
4.46153
4.46255
4.4632
4.46419
4.46549
4.46605
4.46613
4.46637
4.46664
4.46734
4.46792
4.46861
4.46873
4.47118
4.47134
4.47274
4.47388
4.47396
4.476
4.47726
4.47733
4.478
4.47809
4.47865
4.47899
4.47985
4.48002
4.48083
4.48099
4.48143
4.48167
4.48168
4.48239
4.48408
4.48443
4.4846
4.48511
4.48592
4.48849
4.48983
4.4904
4.4908
4.49116
4.49272
4.49337
4.4934
4.49368
4.4939
4.49453
4.49471
4.49476
4.49492
4.49652
4.4971
4.4974
4.49765
4.4981
4.49856
4.49903
4.4992
4.4994
4.50058
4.50085
4.50123
4.50172
4.50194
4.50223
4.50281
4.50332
4.50333
4.50362
4.50421
4.50536
4.50731
4.50738
4.5075
4.50755
4.50789
4.50811
4.50893
4.51038
4.51047
4.51067
4.51159
4.51199
4.51216
4.51458
4.51475
4.5152
4.51525
4.51633
4.51652
4.5166
4.51676
4.51785
4.51794
4.51832
4.51902
4.51922
4.51948
4.52073
4.52099
4.52116
4.52123
4.52123
4.52187
4.52242
4.52266
4.52313
4.52474
4.5249
4.52629
4.52666
4.52699
4.52734
4.52786
4.52812
4.52918
4.53137
4.53369
4.53458
4.5356
4.53565
4.53602
4.53617
4.53664
4.5375
4.53785
4.53883
4.53928
4.53981
4.54025
4.54031
4.54073
4.54125
4.54137
4.54149
4.54206
4.54337
4.54349
4.54453
4.54601
4.54783
4.54826
4.54837
4.54838
4.54896
4.54902
4.54918
4.54944
4.54988
4.55096
4.5517
4.55184
4.55205
4.55212
4.55312
4.55367
4.55477
4.55588
4.55618
4.55631
4.55738
4.55743
4.55744
4.55873
4.55932
4.5597
4.561
4.56126
4.56133
4.56217
4.56259
4.56309
4.56319
4.56394
4.56418
4.56474
4.5651
4.56575
4.56624
4.56653
4.56719
4.56767
4.56864
4.56979
4.5709
4.57098
4.57127
4.57248
4.57248
4.57495
4.57504
4.57538
4.57564
4.57566
4.57574
4.57729
4.57746
4.57796
4.57851
4.57993
4.58006
4.58063
4.58078
4.5811
4.58179
4.58348
4.58405
4.5863
4.58723
4.58736
4.58765
4.58861
4.58942
4.58969
4.59076
4.59127
4.59352
4.59354
4.59363
4.59454
4.59601
4.5966
4.59704
4.59798
4.59893
4.59905
4.59936
4.60062
4.60094
4.60176
4.60215
4.60489
4.60501
4.60541
4.60634
4.60675
4.60699
4.60742
4.60822
4.60923
4.61008
4.6126
4.61288
4.61374
4.61416
4.61484
4.61507
4.61517
4.61531
4.61695
4.61722
4.61905
4.61957
4.62015
4.62035
4.62177
4.62233
4.62609
4.62707
4.62781
4.62906
4.62907
4.63013
4.63017
4.63235
4.63308
4.63316
4.63362
4.6351
4.63521
4.63594
4.63622
4.63625
4.63721
4.63751
4.63779
4.63871
4.63898
4.64003
4.64004
4.64062
4.64148
4.64272
4.64308
4.64352
4.64385
4.644
4.64497
4.64515
4.64548
4.64557
4.64593
4.64609
4.64691
4.64839
4.64878
4.64931
4.65062
4.65184
4.65234
4.65317
4.65622
4.65678
4.65716
4.65717
4.65752
4.65814
4.65908
4.65921
4.66127
4.6613
4.6621
4.66218
4.66451
4.66521
4.66524
4.6676
4.6676
4.66852
4.67042
4.67091
4.6722
4.67267
4.67401
4.6747
4.67564
4.67617
4.67624
4.67732
4.67775
4.67902
4.67933
4.67935
4.67966
4.67992
4.68091
4.68122
4.68138
4.6814
4.68168
4.68179
4.68185
4.682
4.68231
4.68378
4.68387
4.68443
4.68461
4.68506
4.68551
4.6863
4.69017
4.6916
4.693
4.69314
4.6933
4.69621
4.69688
4.69706
4.70045
4.70091
4.70128
4.70269
4.70329
4.70459
4.70552
4.70643
4.70643
4.70772
4.71094
4.71192
4.71328
4.71445
4.71469
4.71515
4.71534
4.71589
4.71633
4.71891
4.72153
4.72348
4.72387
4.72398
4.72398
4.72411
4.72458
4.72526
4.72776
4.72799
4.728
4.72845
4.72971
4.73058
4.73091
4.73432
4.73444
4.73531
4.73559
4.73649
4.73729
4.73798
4.73807
4.73819
4.73909
4.74074
4.74172
4.74346
4.74364
4.74425
4.74442
4.7445
4.74463
4.7456
4.74578
4.74793
4.74808
4.74846
4.74894
4.74921
4.75017
4.75055
4.7506
4.7519
4.75266
4.75339
4.75393
4.75403
4.75591
4.75598
4.75626
4.75635
4.75724
4.76106
4.76167
4.76213
4.76293
4.76316
4.76331
4.76342
4.76423
4.7654
4.76604
4.76898
4.76913
4.76959
4.77024
4.77081
4.77167
4.77283
4.77328
4.7736
4.77373
4.7751
4.7751
4.77595
4.77763
4.77784
4.77865
4.78065
4.78239
4.7826
4.78328
4.78371
4.78376
4.78406
4.78417
4.78478
4.7851
4.78518
4.78708
4.7878
4.78849
4.79004
4.79009
4.79045
4.79093
4.79331
4.79349
4.79444
4.79632
4.79874
4.79967
4.80065
4.80065
4.80075
4.80088
4.8009
4.8024
4.8027
4.80472
4.80673
4.80692
4.8072
4.80743
4.80799
4.80816
4.80887
4.81033
4.81117
4.8122
4.81361
4.81487
4.81557
4.81641
4.81649
4.81726
4.81763
4.81794
4.81832
4.82019
4.82023
4.82051
4.82097
4.82135
4.8216
4.8241
4.82467
4.82478
4.82512
4.82527
4.82622
4.828
4.82829
4.82971
4.82994
4.83129
4.83242
4.83255
4.83319
4.83356
4.83422
4.83445
4.83474
4.83482
4.83762
4.83772
4.83866
4.83902
4.8418
4.84314
4.84385
4.84406
4.84409
4.84441
4.84489
4.84497
4.84741
4.84867
4.84889
4.84942
4.84953
4.85049
4.85163
4.85164
4.85335
4.85414
4.85452
4.85573
4.85576
4.85629
4.85675
4.8571
4.85756
4.85799
4.85806
4.85816
4.85878
4.85916
4.86056
4.86198
4.86401
4.86439
4.86469
4.86656
4.86769
4.8686
4.86936
4.86994
4.87032
4.87325
4.87432
4.87506
4.87563
4.87632
4.87689
4.87693
4.87699
4.87961
4.88021
4.88035
4.88122
4.88273
4.88493
4.8854
4.88568
4.88594
4.88597
4.88625
4.88633
4.88643
4.88676
4.88686
4.88789
4.888
4.88809
4.88932
4.89185
4.89268
4.89293
4.89342
4.89524
4.89577
4.89584
4.89606
4.89641
4.89683
4.8969
4.89719
4.89745
4.89791
4.89876
4.89975
4.89981
4.90088
4.90188
4.9024
4.90267
4.90426
4.90451
4.90578
4.90587
4.90744
4.90748
4.90771
4.90793
4.90795
4.91084
4.91156
4.91157
4.91161
4.91188
4.9124
4.91252
4.91378
4.91566
4.91624
4.91639
4.91679
4.91737
4.91913
4.91926
4.92183
4.92254
4.92372
4.92439
4.92458
4.92466
4.92567
4.92576
4.92579
4.92627
4.92648
4.92698
4.92707
4.92741
4.9283
4.92963
4.93001
4.93056
4.93056
4.93168
4.93231
4.93278
4.9334
4.93472
4.93548
4.93621
4.93647
4.93684
4.93734
4.94041
4.94049
4.94143
4.9431
4.94356
4.94483
4.9453
4.94565
4.94626
4.94697
4.94722
4.94825
4.95049
4.95096
4.95255
4.9526
4.95327
4.95346
4.95481
4.95492
4.9593
4.95993
4.96016
4.96204
4.9637
4.96465
4.96482
4.96734
4.96821
4.9687
4.969
4.96913
4.97024
4.97063
4.9707
4.97121
4.97145
4.97181
4.97228
4.97241
4.97354
4.97395
4.97563
4.97825
4.97836
4.97869
4.97882
4.97912
4.98055
4.98093
4.98167
4.98177
4.98281
4.983
4.98345
4.98409
4.9846
4.98486
4.98516
4.98578
4.98744
4.98752
4.98867
4.98985
4.99067
4.99158
4.99419
4.99524
4.99606
4.99631
4.99666
4.99708
4.99826
4.99915
5.00153
5.00224
5.00423
5.00434
5.0046
5.00474
5.00561
5.00712
5.0076
5.00793
5.00843
5.00849
5.00852
5.00892
5.01034
5.01042
5.01107
5.01167
5.01175
5.01228
5.01334
5.01374
5.01386
5.01514
5.01582
5.01635
5.01645
5.0172
5.01843
5.01905
5.01929
5.01968
5.02241
5.02248
5.02362
5.0256
5.02595
5.02612
5.02641
5.02702
5.02786
5.0291
5.02916
5.03001
5.0302
5.03053
5.03131
5.03136
5.03147
5.03168
5.03223
5.03245
5.03454
5.03492
5.0352
5.03565
5.03597
5.03669
5.03675
5.03958
5.04017
5.04063
5.0412
5.0419
5.04233
5.04322
5.04348
5.04391
5.04732
5.04823
5.04875
5.04948
5.0498
5.05121
5.05151
5.05305
5.0546
5.05625
5.05695
5.05735
5.05802
5.05809
5.05849
5.05947
5.05988
5.06432
5.06705
5.06734
5.06892
5.06897
5.06931
5.07077
5.07244
5.07251
5.07415
5.0744
5.08019
5.08103
5.08106
5.08175
5.08218
5.08273
5.08313
5.08334
5.0837
5.08396
5.08402
5.08412
5.08506
5.08537
5.08597
5.08695
5.08703
5.08714
5.08728
5.08827
5.08868
5.0918
5.09288
5.093
5.09356
5.09371
5.09599
5.09776
5.09885
5.09907
5.10039
5.1009
5.10136
5.10296
5.10301
5.10375
5.10383
5.10461
5.10507
5.10903
5.10943
5.10997
5.11105
5.11177
5.11213
5.114
5.1161
5.11611
5.11613
5.11662
5.11814
5.11823
5.12252
5.12324
5.12341
5.12484
5.12515
5.12618
5.12633
5.12636
5.1274
5.12763
5.1301
5.13167
5.13184
5.13645
5.13666
5.13702
5.13835
5.13942
5.1405
5.14479
5.14528
5.14796
5.14942
5.14976
5.14984
5.15059
5.15229
5.15343
5.15365
5.15409
5.16023
5.16117
5.1623
5.16437
5.16442
5.16574
5.1662
5.1686
5.16975
5.17159
5.17376
5.17632
5.17686
5.17739
5.1789
5.17968
5.18109
5.18354
5.18486
5.18555
5.18843
5.19003
5.19264
5.19344
5.19361
5.19388
5.19401
5.19464
5.19549
5.19578
5.196
5.19669
5.197
5.19898
5.19908
5.19915
5.19985
5.20061
5.20106
5.20396
5.20441
5.20446
5.21114
5.21116
5.21177
5.21194
5.21571
5.21581
5.21673
5.21823
5.21841
5.2188
5.22023
5.22053
5.22203
5.22266
5.2248
5.22495
5.22572
5.22701
5.22705
5.22821
5.22974
5.23067
5.2332
5.23395
5.23403
5.23411
5.236
5.23625
5.23753
5.23838
5.23873
5.23917
5.24084
5.24166
5.24242
5.24371
5.24389
5.24551
5.24694
5.24774
5.24855
5.25026
5.25123
5.25277
5.25278
5.25342
5.25399
5.25463
5.2558
5.25785
5.25812
5.25821
5.25991
5.2616
5.26176
5.26344
5.26349
5.26553
5.2657
5.26616
5.26699
5.27057
5.27063
5.27076
5.27084
5.27233
5.27233
5.2739
5.27419
5.27466
5.27484
5.27488
5.27553
5.27599
5.2763
5.2766
5.27662
5.27662
5.27774
5.27789
5.27848
5.27925
5.27939
5.28014
5.28247
5.28269
5.28296
5.28317
5.28538
5.28636
5.28647
5.28679
5.28724
5.28747
5.29115
5.29245
5.29368
5.29381
5.29415
5.2947
5.29962
5.3016
5.30178
5.30195
5.30196
5.30253
5.30281
5.30311
5.3034
5.30553
5.30625
5.30719
5.30742
5.31169
5.31327
5.31476
5.31542
5.316
5.31638
5.31648
5.31745
5.31792
5.3196
5.32235
5.32326
5.32552
5.32582
5.3305
5.33112
5.33341
5.33437
5.33517
5.33536
5.33745
5.33754
5.33801
5.33898
5.33941
5.33961
5.34152
5.34214
5.3457
5.34968
5.35104
5.35148
5.35168
5.3517
5.35207
5.35548
5.35637
5.35658
5.35789
5.3604
5.36059
5.36077
5.36195
5.36263
5.37037
5.37487
5.37503
5.37583
5.37588
5.37656
5.37666
5.38118
5.3814
5.38509
5.38719
5.38816
5.38977
5.38981
5.39039
5.39306
5.39638
5.39693
5.40061
5.40071
5.40199
5.40303
5.40367
5.40627
5.40652
5.40844
5.41083
5.41169
5.41181
5.41246
5.4171
5.41791
5.41845
5.41934
5.42009
5.4219
5.42199
5.42264
5.42327
5.42398
5.42552
5.4263
5.42676
5.42829
5.42887
5.42935
5.43049
5.43332
5.43348
5.43416
5.43441
5.43542
5.43667
5.43698
5.4377
5.44084
5.44185
5.44187
5.44384
5.44385
5.44501
5.44655
5.44663
5.4475
5.44907
5.45107
5.45218
5.45247
5.45699
5.45849
5.45972
5.46205
5.46276
5.46324
5.46361
5.4644
5.46485
5.46683
5.46769
5.46968
5.46993
5.47069
5.47162
5.47427
5.47451
5.47612
5.47711
5.4795
5.48225
5.48521
5.48558
5.48801
5.48966
5.49056
5.49174
5.49217
5.49319
5.49337
5.50381
5.50733
5.51033
5.51592
5.51617
5.52077
5.52331
5.52649
5.52752
5.52873
5.52957
5.52997
5.53191
5.53276
5.53281
5.53361
5.53556
5.53786
5.53827
5.5408
5.54463
5.54636
5.54855
5.54988
5.55016
5.55285
5.5549
5.55518
5.55732
5.56375
5.56649
5.5737
5.57398
5.5754
5.57973
5.58315
5.58739
5.5892
5.5892
5.58936
5.58952
5.5902
5.59054
5.59466
5.59627
5.59903
5.60031
5.60537
5.60708
5.60809
5.61105
5.6119
5.61521
5.61739
5.6182
5.61833
5.61889
5.6193
5.61941
5.62555
5.63338
5.63419
5.63621
5.63732
5.63796
5.64131
5.64353
5.64795
5.65131
5.65264
5.65321
5.65419
5.65858
5.66149
5.66356
5.6678
5.66961
5.67662
5.68023
5.6807
5.68601
5.6874
5.68785
5.68852
5.69196
5.69349
5.69454
5.70924
5.71152
5.71172
5.7202
5.72044
5.72329
5.72419
5.72543
5.72793
5.72924
5.73094
5.73369
5.73626
5.7368
5.73877
5.74148
5.74161
5.74478
5.74522
5.74801
5.74916
5.7559
5.75989
5.76074
5.77018
5.77028
5.7736
5.78209
5.79591
5.79706
5.79777
5.81387
5.81544
5.81931
5.82522
5.8292
5.83336
5.8335
5.83708
5.84985
5.85039
5.85062
5.86012
5.86278
5.86543
5.88534
5.88733
5.88783
5.89344
5.90093
5.90095
5.91676
5.92009
5.92104
5.92291
5.92409
5.94482
5.94988
5.95054
5.95269
5.96568
5.96601
5.97309
5.97855
5.98883
5.9936
5.9948
6.00266
6.00548
6.00737
6.01089
6.01092
6.01565
6.01676
6.0227
6.02689
6.02817
6.03098
6.03682
6.03716
6.04084
6.07102
6.07215
6.07706
6.07892
6.08242
6.09165
6.1022
6.10298
6.10378
6.11628
6.13224
6.14326
6.14331
6.15275
6.15543
6.17742
6.20511
6.21503
6.21628
6.22121
6.24027
6.24045
6.25792
6.28086
6.28791
6.28793
6.30215
6.30509
6.30664
6.31966
6.33787
6.36489
6.3715
6.42592
6.44466
6.44984
6.48702
6.52718
