25.3984
-19.0488
-15.874
3.1748
3.1748
3.1748
3.1748
3.1748
15.874
0
-9.52441
3.1748
6.3496
0
0
-6.3496
9.52441
-15.874
-3.1748
0
-6.3496
-6.3496
-9.52441
6.3496
3.1748
0
12.6992
-19.0488
19.0488
-8.88178e-16
3.1748
3.1748
0
6.3496
-9.52441
-12.6992
9.52441
-6.3496
8.88178e-16
-12.6992
-22.2236
8.88178e-16
9.52441
0
-9.52441
3.1748
-9.52441
-9.52441
22.2236
0
0
6.3496
0
3.1748
-12.6992
9.52441
0
-15.874
-3.1748
-3.1748
0
-9.52441
9.52441
9.52441
3.1748
-9.52441
-6.3496
15.874
8.88178e-16
12.6992
15.874
15.874
0
15.874
-28.5732
